IMAGES_BMP[55-60-10]#1#7
055a7c5608fdf916dc2b807ae4406bf8
55
0.5971500458368267
0.3632996874281439
-0.021130094329818338
0.23862906913355614
-0.06294650916567301
0.6357264953383484
-0.043789615266579894
0.304937229731534
0.14190829948935904
0.06559273017396353
0.422419542672442
0.0025377977617445026
0.1750023117112032
-0.08776666077782573
-0.10407225294737753
0.5486137311922198
-0.29665103993672937
0.36196274155675867
-0.03793311178485974
0.09465529698625945
0.4819195620342066
0.4066633437373551
0.170291251617833
0.20804522048694174
0.1738743779743885
0.2827815974289146
0.40855687200942076
-0.25874736365921097
0.29178887038862383
0.3566044390269443
0.5009121486005103
-0.17656210333143948
-0.08304512879695089
0.13003538193538722
0.18767283011888586
-0.15208451980444607
0.5763749131151309
0.052585145739660825
0.09053295355683753
-0.2213123263550708
0.2808229126527068
-0.2305522642664179
0.4670583682392963
0.18423619990113685
-0.31607519031611214
0.35897139712162757
0.4808852540496807
-0.19970862364089303
0.3376040259479708
-0.05324544373071823
-0.26023403822513974
0.28552004626622174
-0.147306048203476
0.4272735659546434
0.19823418929832545
