IMAGES_BMP[55-60-10]#2#8
055cf9199040dae8080dab1ad6cfb5ff
60
-1.4396659112949164
-0.41276521481963985
-0.6437549053851942
0.08785309343017475
0.7172650749464811
0.005657423172233293
0.1919543202573321
-0.07636354358615173
-0.4406903264881438
-0.2441001253278529
-0.18641978867486372
0.28448654692351266
0.6466628345515608
-0.3133799087629181
-0.10445028874680808
-0.23139554441388802
-0.7455030818852662
0.16856088423564106
-0.8287172308035327
-1.2096610107881611
0.2832867382362112
-0.06950993760277735
1.1664499938771908
0.20280290230477557
0.1521283592320576
-0.2277790556412354
-0.208078018629129
0.004598606914166227
-0.5409224231652809
0.03965228261377895
1.364352092997984
0.000589272762221845
-0.5784876859430703
0.5176491705560731
0.9209462491266857
-0.37289684086005637
-0.32533409868912905
0.17902224064108208
-0.33954659185889613
-0.46656373856424027
0.8688064854817643
-0.5343913543359589
-0.685195003499542
0.020324915933245716
0.14205621655809367
0.18068497473410314
-0.6364559341649817
0.2113879410673765
-0.21206468800868727
0.025545081363292203
-0.011009057361367841
-0.16052444919256417
-0.4971407980624306
-0.1626398815766616
0.5933461003420841
0.5302871839953671
-0.05518117389053485
1.6720221462180445
-0.5080082354480099
-0.05825191181644733
