IMAGES_BMP[55-60-10]#1#18
0aeb92f8a1a76da9921723fdb41b1e7a
55
0.17006100891636286
0.40458964704194184
0.2774289487764426
0.2786919031132853
-0.7436196545735688
0.33046625584422296
-0.4989932817964412
-0.13157025355255922
-0.4392778513146819
-0.351167814676362
0.3356169845499712
0.2532926288617706
-0.153834835214013
-0.06676069081716898
0.46674195336823077
-0.716228400788284
0.3874451283190309
0.00651902198957206
0.3846890006867653
0.17441481075873144
-0.1849933077396277
0.09737483743472514
0.05215686427772829
-0.25528475717423144
0.06213756247012946
0.096454152350956
-0.14236572864735905
-0.335502006008774
-0.036148185938265354
-0.537509918483148
0.0991267403925371
0.4782029752498292
0.059465911236993824
0.04535200130913293
0.09508369757967476
0.38692582100463796
-0.37095191119565696
0.11740026975139951
-0.060593301556261504
0.2360958964564178
-0.3594848541986948
-0.7936502556687826
-0.5350439657577913
-0.6529568729428722
-0.037818426592952606
-0.34459293899841403
-0.5518567759273636
0.10786208360735001
0.5130103460710316
-0.038852045569747695
0.2459243870387437
-0.33599482515204704
0.18394626664786895
-0.2135334051243917
-0.19107326235510813
