IMAGES_BMP[55-60-10]#1#6
0d9f8fa8f3ebf92c13483a5d291a8e70
55
0.6414204151521177
0.1154211699330994
-0.2673824514746065
0.24086551707013298
0.2633546753009887
0.11675847165329992
-0.23024974460499673
0.470292256639725
-0.060984773363201586
-0.10626457746135737
-0.18132640725049515
-0.3388594674909031
0.23034727629392998
0.616509591813251
0.09715517769239918
0.42721680213484997
0.1673964727963565
0.462992340691228
-0.12725817875351814
-0.009184991875807898
0.4609175154320224
0.27134115749183213
0.5035505659922797
0.458050223079485
0.11533987665409515
0.13564061273136802
0.426263556008545
-0.4240599238085477
0.01017313662764216
0.6468812077361766
0.18622039477500402
0.21997727726638433
-0.12100506879668498
-0.25654521467900715
0.2944050453947915
-0.2325570554402769
0.3695718631346855
-0.2865853371060582
-0.17611216706177102
-0.453804440390039
0.16588823120056434
0.498729241607722
0.008561869297099014
0.4772545443435406
-0.05471294752128077
0.01316987308236896
0.40278054947805275
-0.045663416335700896
-0.334368524590003
-0.49258944571128527
0.10129729841143284
0.18304996147774638
0.0653516645122102
-0.21250318268144563
0.14109084317170564
