IMAGES_BMP[55-60-10]#1#45
0dbaf461cfa3ff0afaa9c6c75b88717e
55
-0.3039111199293665
-0.42568832335774237
0.23671377749156544
-0.13457748472652778
0.04364353302120584
0.3836624092979381
0.502066127194011
0.3141498214618639
0.4081089552832886
0.052183314645932975
-0.3170833601717493
0.5705983522285043
0.40606684328868614
0.06284927065696191
-0.17115808225239615
0.3635307847446705
0.11960837387245772
0.09091408250235482
-0.35055726724402014
0.49245986051099044
0.45694602566071285
0.058345210215756026
0.20686472049606472
-0.33839925055464865
0.24606874748013294
0.20749974810352875
-0.06711297027450701
-0.5475667212363359
0.14552685340193677
0.03596439200207812
-0.13234714201102535
0.42066766977459585
0.46500294937962966
-0.06606902782117532
-0.2168938713225706
0.2216750042001493
-0.272572591544446
-0.07700553997824418
0.043446208568358125
-0.40093167115103556
0.5308825324104409
0.07650281461852819
0.2838183201942779
0.06958940936930914
-0.3756413342660225
0.6750680474566348
0.018211802294789296
0.159673845309465
-0.46527021764857834
-0.04876246396544899
0.07600066919597855
-0.4271082792304373
0.31959289160499177
0.29346683911532745
0.4346719417747679
