IMAGES_BMP[55-60-10]#2#7
0ec2ab3f3ef91ffc367511af4b6ce93a
60
-1.2022759178043085
-0.3997152846218489
-0.19590243998949014
-0.20183663223688378
-0.6249863738895389
-0.22980766036079567
-0.3760043975869877
-0.22339252556625547
0.7294776594334055
-0.5052572634175502
-0.10229421828407634
0.033202429130029236
-0.2859761263030237
0.9407064669927591
0.12205915904951252
-0.3277916773248172
0.28837661701421224
0.2951276194082407
-0.16913659538022702
-0.3507336913889819
0.8925523584509076
0.6468944350361502
-0.5415339764224212
0.4517117085946309
0.5097380379899057
0.1697607678414664
0.306969552381304
-0.4684039618030382
0.15111908408845331
0.5326116603619975
-0.7674072275086324
-0.13757769793668848
-0.2480529779773991
-0.46801473436544977
0.662226219572772
0.30364154651305364
0.9150693938599599
-0.12289578705250184
-0.09953355829971756
-0.33946063896274453
-1.2779158469441976
-0.426896834949939
0.8117201413282504
0.6585319178500052
0.29151869052667306
-0.40171353396108167
0.12591843532127056
-0.29146445221754075
0.6578273248692029
0.1456374467491155
0.10882042381537169
-0.4487145714252562
-1.6181278580583687
0.3524962007602754
-1.3219629063593508
0.09117678892922203
0.4187351254185729
0.6044940465988832
-0.2713157333006604
0.1426678794705401
