IMAGES_BMP[55-60-10]#1#1
0f81d383a131b8b5e0132160adca8371
55
0.26861881728054243
-0.41036148031146125
0.4591498943515451
0.4778379809892598
0.3682367127560174
0.33780772217151006
0.351201255514788
0.5450062090648445
-0.08627826336295281
-0.22391697381940887
-0.0021226955789952046
0.4644485639842715
0.4446917450989242
-0.01033361739514084
0.5774018413604094
-0.1800339342773852
0.11125293620809894
-0.3082403824014071
-0.12487036136868515
-0.13518886400534857
0.5057709362990983
-0.058857390090258574
-0.10398957256759873
-0.2108758221100865
0.18198633336149608
0.5149954670312358
0.21105729932013337
0.3745181153105774
-0.25230812914403866
0.0767552042704046
0.354166224001433
0.07474222018158379
0.04208282688897746
-0.47763611562534775
0.0546214295370587
0.28059630492289045
-0.266609343128624
0.6354151931836217
0.24441366283951657
-0.04249803604711208
0.16163240623067263
0.25881972292475147
-0.031355767239320625
-0.2715675438996927
0.06162397604839653
-0.21428956506264954
0.651444346195847
0.08170188087137346
0.35940833061726346
-0.16744489746587754
-0.05033467800455785
-0.3302454628630478
0.26604321865073977
-0.0999741588580349
0.5136952407566923
