IMAGES_BMP[55-60-10]#1#43
140658f0b6f1c1d28fddabc2efab54e3
55
-0.19565325995487926
-0.32614926120792465
-0.22517874706927626
-0.33969149713763114
0.5817944825717508
0.13695836334848488
0.8909091377606293
0.6826799029936953
-0.06364847219169219
0.629652401324046
0.7091434504251211
0.023147086400162713
0.37606885134085
0.6300901619108078
0.3821256954425917
0.5935498075698737
-0.2109690660391429
-0.1777482039131895
0.013645445574333085
-0.009108449685348395
-0.5724391727777078
0.18833834251902465
-0.2642682945743451
0.39819731461822927
-0.012153262329316432
0.8539313417030346
-0.17708508033012021
0.6967701313561602
-0.44203451899856083
0.5205650274617529
-0.2625261591105898
0.08745144808787418
-0.10906401630556767
-0.03762634257748801
-0.042756427644563055
-0.37122476240283514
0.32780492773107667
-0.30978121604832065
0.5221269513148357
0.45991663451174786
-0.5575936277025076
0.3186389867197925
-0.26119188941285676
0.6645269947081851
-0.3427033614146373
0.08677205165732912
-0.04175033673859022
-0.39339547405736736
-0.45722473104234
0.40508539435281354
-0.35880970963755143
0.10695970897331951
0.01176028493563385
-0.8275441769879975
0.3653282827952011
