IMAGES_BMP[55-60-10]#1#52
15e8365390e2f0f0c16d872fa43cb325
55
0.8398924320343149
-0.24592684719662258
-0.38766628383422114
0.8497801733165475
0.00681616669693488
-0.30251758535343987
-0.6333027196579699
-0.6321128415671179
0.5096098061191789
0.44220640425010366
-0.26109264434706697
-0.27903271339012053
-0.3273278043679334
-0.18018956362159985
-0.46459077164650386
-0.7328572333892948
0.16706927933379087
-0.6731134224103298
0.11937486119479719
0.358994832457451
0.7361325416326171
-0.3961691997687525
0.07284377659915175
-0.28370370522632465
0.47917849295510173
-0.8605401014463975
-0.16594221003322637
0.54213165500685
-0.35692052156838866
0.20550962403060646
-0.3232705045667522
0.05285717132890418
0.20470845558789846
-0.005811030955051249
-0.41219724650449296
0.5162272895433245
-0.06259248592677742
0.21060315385050593
-0.13059948738258062
-0.5527027231333065
-0.11986221908928027
-0.8343129108833239
0.28803824501719993
0.10482020186296913
0.8050983537940679
0.10570722100405662
-0.024712921303133198
-0.20098143524377102
0.5162441158626101
0.38117243298160053
0.14972751825722644
0.06938177679086845
0.8358170369689238
1.010118397644994
-0.4774226904358598
