IMAGES_BMP[55-60-10]#2#1
1991ae57e356023188943dcd7185ebfd
60
0.5707000067745062
-0.3659162594542774
0.03785367880186454
-0.19963574043752427
-0.24089831739249046
-1.2833683776985787
-0.49665465304948603
-0.4149358639597982
0.6647288779123108
-0.3538176065507575
0.16857279576074222
-0.5183992074449417
1.1506152646939218
0.08399844687148894
-0.14873563250699495
-0.3119629599156182
0.04718696083669928
-1.1835006924107576
0.5118256350784254
0.8119363318467168
-1.4530838247123283
0.46974219564055086
0.14133975536659973
0.15274599261744484
0.20330695781514663
-0.7179277393128622
0.31912756863007335
-0.5677136844129839
-0.12122014325463783
0.4846155740895774
0.28313516390325905
0.2697055156616606
0.3633544716545807
-0.3778535766558583
0.6647137392842521
0.5194658491016231
0.21927756163610518
-0.3638078610430333
-0.23933783794186028
-0.07472370824922556
0.7241672892956782
-0.4375141685427227
0.798212478345565
0.7586802883923665
0.09499006557166137
-0.07736421141165471
-0.49750255458406106
-0.2764688653506624
0.3309405732672083
0.11386499040139414
0.22124771861992343
0.21177174488141104
-1.3135166974221506
-0.015174104326048654
1.002445413626147
0.33425537156013774
-0.1317045381901077
-0.7173990082312581
0.1294185845073943
-0.45258787799634054
