IMAGES_BMP[55-60-10]#1#2
2292a7f7cc89b75b7405bcefb2cde0ee
55
0.03630497373782813
-0.3904525765822963
0.2752341690067292
-0.3247485458403832
-0.5221097274841369
0.621645261228366
-0.26075234074050835
0.29956773028334355
-0.16627491342203854
0.23337604388507588
0.12085710585896803
0.41161246488490616
-0.2168188611155001
0.02434565519685164
0.5009548649167431
0.0127306229522133
0.2435156447922134
-0.22956813765051876
0.035375953634366214
0.3161915896093281
-0.02674889859820207
0.1068672580016182
0.2668056664141699
-0.16966941862855633
0.4703951331597436
0.0694698712692586
-0.17158886771970097
0.2299678541529314
-0.16138009297783554
-0.2196139807541431
0.6494423910888931
0.1001211579942736
-0.01036879369999903
-0.04387073209397181
0.33809184661972047
0.041175893973152314
0.26535774281759
-0.22636413774541328
0.2468772956972757
0.33040551074431945
0.4927339399383629
-0.2549062123896241
0.23981066223342845
-0.26408588424518564
-0.07313608557657737
0.19787953457844307
0.4065241815929361
0.34981190548024754
0.6494090113695847
-0.3384121027829665
-0.028566944902481087
0.5416455384469109
0.21896030331966285
-0.07576322929854722
0.27054669559257827
