IMAGES_BMP[55-60-10]#1#48
2cc1bbebf0c48c1fc9bfd21b99f4781d
55
0.07381441657977604
-0.0598053583752838
0.47079688161941174
-0.20411523480633662
-0.37844594385667535
0.4194740761995906
0.17395335103799878
-0.4458169968583808
0.2679239463017291
0.08151682050843742
0.34543158734972534
-0.07291911774531783
0.354982791687913
-0.2601203206263903
0.4611782559663017
-0.49402423992813904
0.35797926230301885
0.22240996040155306
0.24728245774717983
0.3357620599355075
-0.4176983373235335
-0.367835276440981
-0.27121976856881774
0.336473359815777
0.031348850225366424
0.5147969749724958
-0.14576455384078013
0.09321306452062472
0.4664700316169979
-0.3700183835677539
0.4021609844445439
-0.05960999708412295
0.32262580659517437
-0.05653995621552092
-0.23669834529826034
-0.14031855333989074
-0.11386884566701723
-0.3089073643349175
0.17760684049079037
0.4025499921196055
0.3636330739674963
0.009651310400537206
0.20173971467824323
-0.6243678109154187
-0.8266514876890322
0.29692508820908814
0.15895857792460524
-0.2911419170091337
0.6482128788098146
0.14688834427157035
-0.6777881054571994
-0.3029746945090492
-0.21128273336470085
-0.4037115688279205
0.7372074529596568
