IMAGES_BMP[55-60-10]#1#24
35b4edeb6a8cdce7d3212d9455111e04
55
-0.1685692564628771
-0.31427917949541284
-0.22513382118716183
0.24672880391896534
-0.30542138603240393
-0.25368114872895325
0.11679036206605194
-0.11350112368255492
-0.08903213463062282
-0.14698298821194733
0.10612617077133099
0.6121900185560628
0.18349517278131067
-0.08830392310808853
-0.28539389722011954
0.3838428319069836
-0.23519825191596586
0.18832741463744618
0.38103787397947775
-0.22084204851956413
0.3271135812057135
0.2490309642031395
0.33735720070282565
0.587541859469338
0.5387828555652469
-0.46032608853537943
0.6391213832098844
0.10347588333093398
0.3573208619274184
0.17997512994473772
0.3333087592718796
-0.3234963592654473
0.08903407742845251
-0.4055123949400031
-0.3391785747773189
-0.8223582658316744
0.01792820335007329
-0.11074825006208845
-0.3494433671185915
-0.5237679298317187
-0.3799325239376804
0.1780634733727605
0.2563275414914069
-0.14311791141010152
0.19405629021206772
-0.18409576499431735
0.510515634242711
-0.1317654194514788
0.23297518715917567
0.3044357495492786
0.3804721481594043
-0.480640505028274
-0.030653183577534136
0.18146532238426355
-0.17612267768121911
