IMAGES_BMP[55-60-10]#1#0
39bd3dbfe52f00b06b3b0d2ed9fe1fbb
55
0.6078033658654939
-0.39847700325565494
0.33684005028123565
0.24784795012303798
-0.46750559217140963
0.530335229148587
-0.5132624110102822
-0.5765058655476933
-0.2521879184013041
0.3365022669733346
-0.15575509433588502
0.5524962420797197
-0.14341747406553707
0.3675549048930806
-0.05062314612663752
-0.03318872341555274
-0.3690596906224539
-0.5040106185411707
0.1845723913805044
0.15708496939670644
-0.19526318468448986
-0.25024541853490584
0.782382208154386
0.2561082307863876
-0.643913608287695
0.40992412887860213
-0.557084265582343
0.5489804412169795
-0.5617224318071652
-0.22522340967322976
-0.6780696147760348
0.47623125367872554
-0.036899221511018036
-0.3995369513055704
0.44362474197572754
0.3801050456518321
-0.08565878182708359
-0.4642433875768045
-0.051410519708524074
0.46295071500920915
-0.14026537853862778
0.1802895435793085
-0.3240198457870259
0.7963688172736183
0.16435979724677457
-0.11720087079905879
0.2527730298939162
0.45934024292526393
0.1955555220208839
-0.13900265019430788
-1.169137403029938
0.5399131452716983
-0.558688423087534
0.07553655063879586
-0.41408062948651153
