IMAGES_BMP[55-60-10]#1#41
3c04d8367d142fc107285a70f6722069
55
-0.19355731636622403
0.31480653726262925
0.5823313523252608
0.3684853327426827
0.43589247441935575
0.4714493492055933
0.20465062319401853
0.26282850897946136
-0.13527019650486133
0.3327717865284299
0.18032311679688898
0.01344743170102104
-0.026811457883244197
0.37657570676047125
-0.2631600370364585
-0.033417724700921504
0.09118493537331014
0.019719361819177904
-0.0695234402564674
0.0017295043579822122
0.18393364760817565
0.18155875739153576
-0.2333722772940323
0.04840665124420726
0.4688770942485498
-0.2967752543292582
0.6223311839731996
0.3593889319100872
-0.21942084680445958
0.3172548909558103
-0.16022668658080763
0.04343790616665244
-0.01936056992432589
-0.08411757117962822
0.17551920207760371
-0.009350908036231731
0.3327850194324711
0.6360057109386412
0.6601094194626348
-0.32881806990047185
-0.1598825615369194
0.6042999293763557
0.11649750938849703
0.386149912456291
-0.0059244236342273745
-0.2830656609397712
0.6382248220630407
0.02457777205949265
-0.05006825068935951
-0.005536639617551244
0.08749078480992686
-0.1373358469905051
0.6107260173319925
0.4401514523545728
0.04407890428719828
