IMAGES_BMP[55-60-10]#1#13
40947ce4dafb04c25442a75825bea316
55
0.26189770997158685
0.004435091552142003
-0.10265262640848904
0.30952156072613174
0.3213358496484145
0.5343751168376971
0.3480263852602171
0.27394851371884205
0.0711127840345696
0.5076195849919013
-0.2917737470669301
0.6488252344895887
0.20213968188419565
0.08998631431778782
-0.13780017978288792
-0.0979950504380683
0.40905140583107674
0.45151271366393964
-0.48632022106290274
-0.15147656800079723
-0.144583685433718
0.47233048002245254
0.15674202429405942
0.25194145842987886
0.09399857167322152
-0.49015075427049903
0.3939624708694764
-0.18762588672934627
0.17127753996597622
0.3785469301699664
-0.01474598481026219
-0.13241726045933103
0.4422565926519703
-0.46713693819211305
-0.3044157539100878
-0.7238322718845457
-0.507380470217754
0.24492747286328692
0.31848452480107686
-0.563724775915661
-0.1596268197961672
-0.4734075244131174
0.259980255711036
-0.16762518340785718
-0.4447338939075551
-0.6829814656190204
-0.28936352231993057
-0.5727099526504139
0.6375037496908976
0.3873562195638036
0.6850330693817613
-0.5955697428107265
-0.29855037243070404
0.015370302149201619
-0.4091471012058049
