IMAGES_BMP[55-60-10]#1#17
41c2cc74ab12c5c89b2c5b72ba9d1ed6
55
-0.35435845670030597
-0.027897647734207994
0.4328252045399633
0.6598113099501904
-0.0807575095082179
0.3679202385546079
0.4180293051659678
0.12420736965114453
0.2569338844071782
-0.1542500067435552
-0.3176332019622621
-0.5869915954445811
0.1844839723155768
-0.2672016709476003
-0.4689519262771475
0.4286857035844373
0.021806263596811124
0.3792121033768894
-0.08516113716966049
0.19647905933483706
0.0651404431560304
-0.3299441687323928
0.17487338842144862
0.18208193129542144
0.24402928575943617
-0.2833049398911349
0.09806970399431453
0.21863845848130126
-0.4271848462536679
0.2854616960761203
-0.37254723614266844
0.036827491653710916
-0.14934801712472684
-0.29926291524686
0.15130426354346835
-0.27513400572029284
-0.613975032677664
-0.15213664485514553
0.27083138321432837
-0.4592010792507917
0.3616229316739789
0.05885915403915359
0.4519536504264375
-0.15005224760437677
0.533779029278932
-0.20876074144480974
0.1369451879138188
-0.1306868588368963
-0.47396162595947156
0.20148145919916005
0.019468959583523595
0.4006092175928814
0.8181839689728895
0.49242412979652617
-0.37937988422040064
