IMAGES_BMP[55-60-10]#1#54
4a9e65db922db31e7f51dc5a15284536
55
1.0977876689623203
0.37943908348295324
0.5119456394073991
-0.2017756808482515
-0.055470726330204986
0.2850975270977764
-0.6582936372058612
0.539094294253712
0.2090058325693172
0.2994576787890624
0.1584048980580823
0.21050311759132756
-0.05871064145271323
-0.44225431949042154
-0.38049996884623527
-1.0220133884730394
0.5631582412081726
0.2728545799498389
-0.2630135819451464
-0.07687432900783266
-0.3304801131737314
0.3717078403631128
0.023702057593333162
0.0010423607130517715
0.49941131397886146
-0.1455690020870251
0.25267797098478195
-0.2475795375361437
0.6052678816491265
0.1968510717807638
-0.5160211835953802
-0.13131555712088877
-0.19858226620223696
-0.3400791372239574
-0.33217569529924457
0.40078312835358987
0.6479268925942109
-0.009893541174773784
-0.03612466106829142
0.029147837793198104
-0.03804035351617725
-0.7891910100735203
-0.17563283065682153
-0.6889155079467465
0.30288114987411074
-0.13884585995937923
-0.10549316741517788
-0.30715496491271527
0.2842113728182075
0.04673262743583336
-0.5869792579474834
-0.3637212689295166
-0.5896497699516888
0.4885470496717413
0.16028726757079967
