IMAGES_BMP[55-60-10]#1#29
4c02ea750032de7e141abf0cf2adaf81
55
0.04333261459294688
-0.4553640402553898
-0.3619085965119313
-0.5321928548996399
0.2827803920005248
-0.33098432053213545
0.21053521616112827
0.42522508022453476
-0.29028818567940234
-0.018347097500741236
0.42135153991108426
0.3481611579298095
-0.3033560859182293
-0.028891504285870125
-0.03879232921617905
0.19963314785153746
0.5410538090416125
0.8632485731819046
-0.256491185192541
-0.1514774414656954
0.07863058020738414
0.3227443502080214
-0.5866898014652412
0.4450580164566139
0.12958443144312434
-0.46698356206121905
-0.06455829098721955
-0.06593811979368065
-0.1969885856034485
-0.1682864181903334
0.06934411209966643
0.04827916649198315
-0.4819753471654526
-0.4879366472181745
-0.5336741488097871
0.331646295663742
-0.2836574949546249
0.36426583008389396
0.14301536531732634
-0.32234662408718934
-0.05915045305938709
-0.61552112894852
0.24360007449408513
-0.0027567253972004364
-0.8578739033508318
-0.2733372554375303
0.08240063009321401
-0.3830481884595803
0.19229222768914606
0.36238570265152925
0.3388929932252531
-0.6885787603799423
0.3300286934275061
-0.5558205939934954
0.6223451853925543
