IMAGES_BMP[55-60-10]#2#9
4e3b230603817d4108b43a0f6a382335
60
0.6448538406200126
-0.5313609858341396
0.26968625920053524
0.23454305020052066
1.1667734599854203
0.057850734160630225
0.2515013355825789
-0.45331329663500597
-0.36518212230325653
-0.07495863587971188
0.16169631939376639
0.563440477713698
-0.5448079371919237
-0.5681936704891126
-0.4392577494556152
1.2495279633794618
0.37742114452377207
-0.035402199038847594
-0.4951288748012994
0.4603301883880859
0.05743244264696263
-0.10322771201414434
-0.6740301437855689
-0.28767261258768667
0.3924639452566977
-0.0783925993029757
0.024715272218907985
0.14932706325730424
0.010572457706883236
-0.6867588308202773
0.18171040601509006
0.5936321829424577
-0.1730104374726189
0.29751189322656924
0.6776062137766502
-0.5709869993572372
0.38275047496747466
-0.06703626831253064
0.45007236909217263
-0.0172196002916732
0.8359531949834681
-0.45332321589946734
-0.7076531859059653
-0.970530461363156
-0.4620290903950954
-0.023401532990269435
-0.3416037999374016
0.3384506074443338
-0.8284188353811551
-0.2673619508541272
-1.4415320776448846
0.42707961553818663
0.27177667197042027
-0.27305466675122403
-0.4447199562410228
-0.49806628064678776
-0.5351386554537245
-0.677581677471424
-0.49585029270206976
-0.8205136601295321
