IMAGES_BMP[55-60-10]#1#15
544097898fb03cf75850ba1a5f9896a9
55
0.4740783807527317
0.22603240631298976
-0.35890316741775524
-0.09969880194684783
-0.28926667149136426
-0.11577366904408525
-0.14180588978688366
-0.5083286757704254
0.28060686771538723
-0.05269257121089104
-0.7298310421332697
-0.39017765266219195
-0.3616034963613033
-0.24422846410652865
-0.2356264807934762
0.6814756689221758
-0.3861961609870097
-0.3673274525056439
-0.43865089844594324
0.1296455449081263
0.5226631623373112
-0.08969372001336634
-0.38596249070640953
0.5475828099510076
0.1353969080914954
-0.6528037472721481
0.11156102162376608
-0.1845685840117188
-0.13003319625039153
0.4400134770620895
0.2885262017490458
0.5272804314715325
-0.3116592211032697
-0.01803721759772916
-0.2077296994158407
-0.01688879068539814
0.20390524458985618
-0.07256201839197182
0.06256516825870918
-0.049197845326810596
0.32977480317521785
0.45363840944234024
-0.0281373320956008
0.019012727262701375
0.5138958124528845
0.044315206750565724
0.04510045996602025
0.08378543395970552
0.3468733402083458
0.09654275402231044
-0.6442584454271861
-0.03708735662504796
-0.4427133891245409
0.4307496354059983
-0.39047921827777815
