IMAGES_BMP[55-60-10]#2#6
5914f22d950056cb5929a078d61ead5e
60
0.5019770924036466
-0.5448004274396933
-0.5412560533000879
-0.05452702842048977
0.3476865290524999
0.37179060861080204
-0.4246057264888398
0.263061483581126
-0.8992133995645207
-0.3612106291633838
0.08072642707013676
0.016292610606262567
1.4213691607184409
-0.4009273076477895
-0.2686020976688693
0.6779249962212212
-0.8534531306299812
-0.14080597995457333
-0.07071068693938179
0.9652631637236535
-0.18509384655690647
-0.35437576712119584
-0.8197401859917901
-0.6520112490161563
-0.5300916847296878
0.5313776205502019
0.4593004952569735
0.24334209414145752
-0.11138740440107578
-0.8156202965219466
0.1899660348222627
-0.5200496418269409
-0.16958013693346
-0.5345073245363533
-1.9072568767434441
0.7914949339075894
-0.5944623407815973
-0.3620487269092137
-0.014408550824229826
-0.5886082912539984
1.2411112570197333
-0.30268660692424143
0.6350045382069981
-0.18825712651886906
-0.021955240174434325
-0.08083204492559296
-0.3322327849309407
0.7707402534924214
0.027551034326444693
0.04022142509600041
0.35130257676748466
-0.10677575271172576
0.298294009239204
0.500767315350097
0.2222528622269669
0.038070156125072294
-0.5210754125265045
0.49560057868362395
0.015486915791709624
-0.48931309904783427
