IMAGES_BMP[55-60-10]#1#16
5b4b1497c16105e5d2164adca8e7714f
55
-0.3697463226689867
-0.29010966855862225
-0.13923920064102221
0.2785936899521362
0.1811836074429651
-0.2415060092210742
0.15844594810490814
-0.08948122589514439
-0.3907520327559869
-0.48849544385278276
0.039195762068265395
0.529650113950103
-0.1203511455354259
0.46830846080551325
0.6615112434811409
0.4350790236276124
-0.27558933801085866
0.01542649513517484
-0.176812241982286
-0.05216034450257842
-0.18372646641449317
-0.27278353986407816
-0.29760663424057077
0.52430586405812
0.3221272751671204
-0.2985704522482481
-0.400152530010578
0.2608083515692891
-0.005318232098395808
-0.3000431979397313
0.45046716218480065
0.4787324586269004
-0.049881624806573675
-0.10963226517358156
0.35610392003075647
0.05767122706363672
0.3054326439041403
-0.10350696156893877
0.5441974713234976
0.30233750452500296
0.5415638758530946
-0.3287373851304288
0.4548262465766651
-0.12790380385514782
-0.45277566000421315
-0.3502703374566271
-0.20887882956475382
0.2795144802413231
0.0327928419478925
0.2668545992434396
-0.506977042289131
-0.03756350882505275
0.7619947319550446
-0.1651166283430228
-0.2515613352521582
