IMAGES_BMP[55-60-10]#1#8
5c3650b371cf0d65f8e89594e7b18998
55
0.38705230603910945
0.09745896595914157
0.3014924127340434
-0.23088660108664438
-0.3337325552747284
-0.4479409259303773
-0.15130837564118332
0.383637737601418
-0.46116394258756616
-0.20076311126728616
0.10156504662995673
-0.2143169415165404
0.05385013720846042
-0.07413825731004277
-0.17172767030444436
0.033885945569665156
-0.4162171975288196
0.5831180299908285
0.3256070018915556
0.14286306134490057
0.48114843103875904
0.16520331462289553
-0.4134399331938865
0.33330251955985196
-0.10155056121178119
0.43346079625593137
-0.5447428528579097
-0.544791977544039
-0.01091122123293041
0.11904346386646195
0.7017034853341022
0.2382432300866044
0.02846860602086512
-0.23726092052441491
-0.30678058081749787
-0.6321508798301829
0.5063781145529764
-0.11837441452514247
-0.28210424641850934
0.528284008618337
-0.30262775382508145
0.16930170105577838
0.09179170111703204
-0.02734033376030749
-0.5308503101356093
0.27160838243642943
0.12191394450617062
-0.13232444853924105
-0.27168848555125263
0.23911037939220775
0.6247540359486755
0.08455086132987134
0.5219173584340223
-0.2613277756179873
0.4200951601107431
