IMAGES_BMP[55-60-10]#1#50
5ee7f0c3e2b67e3b708f33fca7ebec6e
55
0.4300321039846176
0.41044096057265306
0.1959698829500593
0.26829430911351276
0.23893343306042303
-0.1803273345372617
0.32365701312813766
-0.22358296091365637
-0.5214554063518964
0.30196655373190034
0.49901335075170017
-0.3981503685495018
0.17259286947631933
-0.28630892078805287
0.7103115635381073
-0.3766009952946968
0.7470360446132696
0.37113028818265004
-0.33954124448842377
-0.07958036699195539
-0.6379799546934121
-0.2732950296369926
0.2538679507680332
0.15687021533380302
0.19537244843150955
0.10444953842006324
-0.21025203992983463
-0.08095514598156442
0.30300407743650065
0.1481442339520081
-0.5243143892471362
-0.2849443394687722
0.08357542817272312
-0.07546034924472805
0.4437435846881876
0.3355656432996463
-0.3947852900673954
-0.0632774884894271
0.2761803722770378
0.12668746591995353
-0.4862702181840462
0.2507895122871302
-0.2542906844713206
0.12513041760457777
0.2261940269391461
0.13398306677573002
-0.25469810575262986
-0.7780709788312099
0.6548989097300768
0.3869212798768645
0.010130982362838981
-0.33915261785291134
0.5977798898082166
0.1848550055347408
0.47055731625701813
