IMAGES_BMP[55-60-10]#1#51
5fa73b52d8e958ef704c9b808d58a7d5
55
0.22328888947342518
-0.022292675446393073
0.4258420092245185
0.42174918501716446
-0.39545319515840854
0.5935688883534792
0.16995204233268693
0.09501896927973774
-0.3112539359477626
-0.4217804908642918
0.21209405163771222
0.5448776067732324
0.3563089036292137
0.17307561372108202
0.1954125350315989
-0.016623254496424954
0.5369356826650782
-0.07595891355607325
-0.0688471207105788
0.2805547615785309
0.02009854684274295
0.5917175220412649
-0.19583089086613226
0.2128155742901231
0.35036630544209924
0.16278248649133703
0.1583652340688199
0.07418422489497549
-0.23822543567009072
-0.2416192397829119
0.292870066581388
0.2967891279455203
-0.19148710880337896
-0.31447070900842927
0.5720414380426423
-0.42380487663787464
0.2977882663811466
0.5763928684549063
0.5862926614273615
0.4864394490713852
0.29927478468267277
-0.06393563182812427
-0.03935008235054759
-0.16887039973240292
0.1109272590677806
0.2651786336791551
-0.24166874118725443
0.2720450327598751
-0.02526987043727855
-0.34223581106835715
-0.32813110832050923
0.14187325978857687
0.060069910778107145
0.23087697496306464
-0.3305963484948757
