IMAGES_BMP[55-60-10]#1#10
6101110fb4f19d36d91df9bef867c4c3
55
-0.517068635896154
0.2634922884990199
0.0034756363784834597
-0.48727891561935527
0.20892296915778102
0.06440481406030188
-0.33137522861304824
0.005303654426559717
0.21268455499166936
-0.4968122451792599
-0.558360085009115
0.23819799808289072
-0.2905372837551624
-0.5465367946148418
-0.14433977844479146
0.43244866108728836
0.08839596540213226
-0.06017968991388492
0.1132089423094252
-0.03545200650887698
-0.36167066693430827
0.20859874123236724
-0.4673143432004936
0.06856547464609303
0.08748762653000948
-0.3369392149037645
-0.4596389248204882
0.15217913217758144
-0.5965868551763651
0.21039620416807886
0.35183007299000957
0.1985723291737751
-0.37970426571039695
-0.10524046265990995
-0.30718451702675215
-0.5046611782494625
0.008121607428314635
0.061078753407086184
-0.5122824690889358
0.4415127655055054
-0.18344815585853597
-0.4327436090653816
-0.29265313801679427
-0.4124447852893866
-0.16719547675981147
0.3237673677204627
-0.1579721802844864
0.2627618653652974
0.18178072166906226
-0.08575417991532325
0.31564379742951726
-0.023478955690162864
-0.5318863451729331
0.2487485543676237
-0.5399219855038485
