IMAGES_BMP[55-60-10]#1#56
63af148fcc175aad4c1bc08f91900880
55
-0.018181238886132014
-0.3695412591063331
0.6975609172886997
0.31438278237342204
-0.000692810202551461
-0.10160877194788567
-0.10210943508726178
-0.45244944701338313
-0.4615003621880602
-0.37530316134533304
-0.20938205274503177
-0.27475879391789965
-0.08513637118188515
0.4106342880283635
0.2785134057176388
-0.278733627163815
0.5671869937211285
0.083791407131198
0.2831683752940558
-0.10408896485794741
-0.2166528993340866
0.4760349761566926
-0.11247539246542919
0.0776725283082264
-0.3883429053963254
0.5740193662101507
0.5559631878516345
-0.041002872740689214
-0.08910305084568595
0.6039791337263462
0.33832856472421413
0.4603014223285377
0.38645305300949995
0.4767920468207405
0.0628984133993911
-0.21795953444480656
0.033311802929886766
0.5332480015629819
0.4418273505647355
0.40356469223046065
-0.018219762300059606
-0.39543910117685444
0.05015771597728734
0.4123357129537666
-0.08746079057172361
-0.18899958161636385
0.2103778406739183
-0.4726809016938459
0.0012863206588988943
0.26709513465010143
-0.32316693873344143
-0.09224780055965426
-0.36940202708262443
-0.06174171618119842
0.04774353354567371
