IMAGES_BMP[55-60-10]#1#30
68a14065f01cec712c27e2d8f94182ca
55
0.5721175411717007
0.46236009589354565
0.1641302713460593
-0.40141016785713607
0.4705112299904075
-0.15776181224150382
-0.14781170928128823
0.6803033071140457
0.11104154812192134
-0.23863809835502262
0.07239417285373463
-0.4281225465698104
0.5179135539217397
-0.23178191269221005
0.014985010744245946
0.3533819641725203
-0.4986522677372833
0.23221151219382813
0.4566611206035068
-0.3793918313354111
-0.5396244992792253
-0.38293655829794954
-0.27492795679689913
-0.19458473514346253
0.27746025510617145
0.07575478434970243
0.18564087033907672
0.39109054044947267
-0.027157563848217745
-0.37206909425968343
-0.6117588762769365
-0.4251881610112362
-0.18728119775511978
0.27045497822914555
0.18913541358296448
0.48380165968533784
0.8764956168791185
0.413600719341834
0.46230462299219033
-0.6045707469615749
0.28715630241678014
0.3989667858515156
0.2725054575705092
-0.2584942220187606
0.37700976034657213
0.33443131213921157
-0.25628326693145864
0.31530593823202224
0.12896331173024664
0.09979689821527556
-0.15916412505384894
-0.13166788331284945
-0.8057179973462988
0.5447197723441968
-0.08058629059537992
