IMAGES_BMP[55-60-10]#1#14
6c4648e47af8369330661093f74d3ad4
55
0.19907745058465184
-0.32210488288804123
-0.0020271737316756807
0.6482677464184186
-0.19889366103914605
0.59078812085218
0.45855340805410294
-0.38201119877661416
0.09250992243722093
0.42599938755477174
-0.2115972105151594
-0.15943416429316715
0.2881367834275756
0.23641579770632828
-0.09530593538379369
-0.20543065245825826
0.2692769791170626
0.006090879543812834
-0.47575834545314527
0.2624395111522703
0.0936187062721736
-0.2968808282210805
0.10691348977228733
0.1478883184083833
0.6115617392316682
0.5032715529208514
0.5124256093462558
-0.2837914139163099
0.5863624438697057
0.11558725071668983
0.36266693459185817
-0.30743264105050905
-0.10323088323390303
0.02097422018854677
0.5602331247562795
0.1500012542223015
-0.276424589205642
-0.009762421276510365
0.5766855674187968
-0.38802793752306186
0.3924448387636641
0.35879296648854525
0.13565346901207212
0.3924792713848829
-0.16855488835613283
0.46113158162816636
0.01549625637952433
0.4301650801313622
0.4406370000546291
0.10393382355779904
0.5613581399669321
0.1521592079791279
0.3074537257473512
-0.05232366659451989
-0.025559445800191247
