IMAGES_BMP[55-60-10]#2#3
789867f42de55631f7fc5bfbf18335a4
60
-0.838686978369797
0.19822937684673625
0.20407932341306984
0.014138463804741336
0.3226029130806151
-1.0693395946992357
0.2979892476149127
-0.32816505820838643
0.2703089848546129
0.22782164823649617
-0.19463326143989018
0.505042921759459
-1.126133342939103
0.40221073154212017
-0.42654146098786627
0.24410257188435264
0.1356633030455855
0.43787402703349615
0.4575675205871518
-0.7459334748429761
-0.6714579687756738
-0.39749768495879473
-0.4545244319818807
0.30879785616389777
-0.026310449223569506
-0.7516398166959058
0.09238699363570228
-0.18028042249849865
0.19430181768245972
0.9332133212503212
-0.15153550998287119
0.3731011973212229
-0.4461362262354818
-1.1977064001411604
0.2928713502754418
-0.7577979854766753
-0.03353504363772528
0.04267494383164836
-0.43681128548997067
0.42594521023484194
-0.4509542867659541
-0.29579016731048524
-0.09339541088383312
-1.2531246923876398
0.2752252950513524
0.09033879931845318
-0.1833470958031177
-0.1607408218187502
0.568824422536347
0.07485494273153702
0.2121698239229623
-0.2269190941622586
1.1986146682357703
-1.1617898333866328
0.7413263205883414
0.31568650031722045
0.17514130764157207
0.28326071991898644
0.6770913568867583
-0.10336191544611192
