IMAGES_BMP[55-60-10]#1#46
7e559a22cc02f71d19575d3077a49598
55
0.31818626904216535
0.3365738999282161
-0.016735516962313703
0.0005236995179639829
0.43893427923983663
0.34909654345798863
-0.0309121857911977
0.16614013417182324
-0.3840019963200239
0.37253648944347906
0.04550663830992924
-0.24989552883084454
0.1303414755639796
-0.2256417738262621
-0.26209459887637315
-0.3765752960236859
0.1918490755123679
0.35357184971739697
0.001658967236458428
0.4701626003909858
0.42245073004111044
0.1573317978158634
0.3028346541594713
0.44138813656342296
0.5026010484507306
0.5605451598401447
-0.27015623306263975
0.20156279647874434
0.4212862903726509
0.49694586091677917
0.415229690132713
0.2334194163650035
-0.06498614208125643
-0.2100098706861023
0.5393031236586799
-0.13082151579774207
0.48868765765605354
0.28231011643872067
-0.2782177028064189
0.40788242710634337
0.4608911511250406
0.47314121968597767
0.5079228622655533
-0.02008937784301005
0.34432900543089295
0.3104563130629356
-0.15602213394031883
0.06296033506710064
0.49723818655676877
0.1344534872084388
0.010165245747026463
0.22220921220257753
0.4963659027002191
-0.29358723255689073
-0.13847529871863495
