IMAGES_BMP[55-60-10]#1#5
802198a6f19401ca094b061908d22807
55
0.36166467501560445
-0.2334701218785853
-0.2076073047736087
0.50381393010698
0.4459093839843762
-0.24875025058137978
0.042811937027583576
-0.39543101996080343
0.1578036796527481
0.9117375748276829
-0.5682201323714061
0.363164255204471
-0.02998608745844305
0.24168372146378328
0.20378960254213682
0.546599722865007
-0.21631271211997594
-0.37397067855202565
-0.40934384810694957
0.2161382841483617
0.5284013912837319
0.3177520493034198
0.4825287941015844
-0.023243755001157388
0.0025019555321381033
-0.08401897698231249
0.46260420860156437
-0.07798380133678008
-0.7826612310573345
-0.0926923334818892
-0.670209487078102
-0.5587070465711959
0.17627264998407838
-0.12138664860014972
0.21930891506814928
-0.2756009261525984
-0.4733335265831431
0.03501849186431217
-0.22381189337330382
-0.1780837891414062
-0.4920814726181336
0.5227977203093127
0.18541482887225813
0.065932352241729
1.246834634752868
-0.5335090677970642
-0.35421318994325324
-0.10116304766397913
0.06122077292286117
-0.023801754108396765
0.029280213266370807
0.2665916990219467
0.232115540862577
0.38794955060576053
-0.7218049582437677
