IMAGES_BMP[55-60-10]#1#37
8157c4bbba3f0074897c33977d682327
55
-0.23346162436115814
-0.254406151218691
0.17356923010062716
0.0794194232800231
-0.09930319523089529
-0.026000444021711762
0.13075048557528252
-0.3397192546505521
0.4118647185766751
0.5249537168361681
-0.15372753513744394
0.25883387866700647
0.25836712788960847
0.4241196127004647
-0.026417795621882716
0.09824243988269964
0.29485943668181985
0.4347405234305173
0.48055795037750837
0.20051798545365304
0.13400100148395222
0.21488677877041132
-0.33883928581184364
-0.2811952770438028
0.5633104445751174
-0.014538925345100843
-0.0021102574575918346
-0.5096701151386739
0.1093414956413299
0.034184098994113385
-0.3751651895471807
0.3339486618269638
0.5097730565099633
-0.24626282246505649
0.5949492225983019
-0.299528191457075
0.21929955411612917
0.3734446113045792
0.03402393952377509
-0.014144008850661265
0.25004674304040186
-0.17457396413365764
0.05096271304842283
0.4934840938561966
-0.16957809593368403
-0.33078703539384663
-0.14780209471450523
0.3047486703304588
-0.39401648716889903
0.14899673648855186
0.46826641940436625
-0.08916793696927523
-0.3011295406458655
0.6367198727995717
-0.3795154342832818
