IMAGES_BMP[55-60-10]#1#19
81bb199f79363d439f1ab20ab585b437
55
0.7585208317797921
0.15696653837643515
-0.036947951722704465
-0.5926261634233952
-0.8243667748476331
-0.5311497860372367
-0.7322266962191404
-0.8477032166054056
-0.06298770867795342
-0.3630078430380893
-0.6385590564032234
0.6355872613983179
0.2620110479178468
0.4147713490984074
0.01688392164759551
-0.7388599961343275
-0.16722284003791504
0.028770746947809574
0.374503205444393
0.030848293833559363
0.2555482922790079
-0.2535664091544467
0.781733558836679
-0.19064699101902957
-0.5503441465644422
0.8688806884530609
0.15530645994815648
0.01913313437306715
0.3949205599087924
-0.356703798114774
-0.4292094513674988
0.07526519392785015
0.3918918189586937
-0.3573680830599856
-0.3102802259961107
-0.34394600663831243
-0.027518240837148763
-0.1958447178877923
-0.22925824045235202
-0.2839064205012081
-0.33383959700071864
-0.0007784202031409222
-0.6910272443725607
0.5462529701744788
0.7428609791537902
-0.4090667389769289
0.17289729923562636
0.3492300324819003
0.9806657888234277
-0.12886601607545736
-0.45460081602629693
0.15376688258322618
-0.6495023231343876
0.19124476846631785
-0.6572243973905838
