IMAGES_BMP[55-60-10]#2#5
841d8b65326fd81a56cb6a2efc164139
60
-0.04875492886880983
0.2550911113338395
-0.21401559107559184
-0.1560540383773009
-1.0064066354614474
0.806331490949774
-0.18219964810041156
-0.30384690880077936
-0.16170848637297042
-0.3969452229022531
0.09726984591977049
-0.1940727204883256
-0.965871799185533
0.08822353240827291
-0.26059463946618056
-0.06865684997454069
-0.01107350355891589
-0.13088086650313124
-0.2721700877620445
-0.7496316506076205
1.2013583082813313
0.32537499479038345
0.13314364447896543
0.17112337946420927
0.332453715159143
0.4370656228890171
-0.2253736289723746
0.08726353051755194
-0.31777608774479016
0.5384921914472469
-0.13565843163662084
0.5097261551552604
-0.5516764702176656
1.069064411076956
-1.3584607548813434
0.5135901950071845
0.19134817561934142
0.24490921291101556
-0.24898815290728019
-0.20870997370831193
0.2990837334197924
-0.4988344105051974
-0.9167997865167526
0.9684778727209284
0.20465338715822115
0.3319858491579203
0.1255622768822232
-0.012954578318383444
-1.4077869125066897
0.4570761373271719
0.022106096275108643
-0.4576791246944718
0.30785739576688786
-0.06710968827674431
-0.6739472225347795
0.7522880590184848
-0.8286094399646003
-0.3976588306695489
-0.36204356082023054
0.6240630171248215
