IMAGES_BMP[55-60-10]#1#49
8cf3924da793aeb1bc37c18d38dd3595
55
0.1194338423480823
0.3939798908506754
-0.11414546656480222
-0.39976904708694777
0.3553415303265855
-0.1623925493355028
-0.027445589425732643
-0.042785009550791356
-0.01333221328917728
-0.2002612660491989
0.09197615868850788
0.25710368089721797
-0.14870170129944463
-0.3284294839967918
-0.18655141971898065
0.10231384995733432
0.01099235762322446
-0.22189572251363726
0.10479344903158722
-0.23959337096531919
-0.10592738220542432
0.01664472490134586
0.4380001627202833
-0.05767167785042897
-0.1331227859511303
-0.08829206064009688
-0.5371005019528433
-0.24696891173984498
-0.5970651953763663
-0.5288631908832043
-0.5072904255119819
-0.27998233340318224
0.10460901299355488
0.44224046306337556
-0.3066059125992679
-0.049243420130329875
-0.31252245131488626
-0.37949510994892516
-0.12746140525380606
-0.041926546508819176
-0.304675137737542
0.08865623900934783
-0.18600049996546553
0.39743112879979214
-0.13687862561813444
0.2735237648088127
-0.3547595160129445
-0.06304202536838102
-0.32232040279227275
-0.21949240390644797
-0.3564340319578556
0.3115054640448601
-0.006282142627371114
-0.5420815855801424
-0.02082425234455946
