IMAGES_BMP[55-60-10]#1#53
9263cd63c98c477a06455c1ccab12f2e
55
-0.30988442179778597
-0.24315791765155131
0.5303427535416008
-0.2840054818778016
-0.0677309575552488
0.20110656868202356
0.024605533402069793
-0.47886614982550224
0.25775174871792145
0.3079694417654959
0.4707327055418967
-0.3120553802850234
0.5100716190117456
0.5237508491164427
0.055501952483106354
-0.26183783352808604
-0.13408108197935292
-0.4251560719661733
-0.4845318747959597
-0.11981717110511936
-0.2810379704639283
0.4335593260346526
0.23641970296513976
-0.17177921170214833
0.07791924985540119
0.7880293390175176
0.4031137331367201
0.4765263674138321
0.2399459697507659
0.4576671056980519
-0.5184874678292125
-0.5016117745459215
0.20328637809904188
0.09522344419930803
0.2691145077079754
-0.551849755334319
-0.08427293220807137
0.17484544246578512
0.13995412740628327
0.22635187697795678
0.21896509897981578
-0.025011141286049848
-0.40868923639903626
0.3074127142132098
0.24363394144258219
-0.44233128364068386
0.1384727943032741
-0.049293732030205734
-0.04267419149587604
0.021541625783342375
-0.034440388582259215
0.35128157843895796
-0.4217321786133972
-0.5157004645574335
-0.574445458928707
