IMAGES_BMP[55-60-10]#1#36
943765c945d99e310baa6514501c4584
55
0.0175023804628523
0.2833840063463658
-0.18112894894769094
-0.42761348511053104
0.37814531259074075
0.3478703490963358
0.1299246312041973
-0.007548544906364772
-0.11095357820057652
-0.35542086357377567
0.029318433788031506
0.7220370587726607
0.4131748632298042
-0.5162229832827533
0.26121749389219895
0.09628638481343232
-0.47315421110932904
0.2779522747994951
-0.42595359343849887
-0.22115490464669815
0.34306184068206985
0.06737553483801237
-0.30530132713737934
0.48918764837011225
0.4882974966945745
-0.3116894148568767
0.49393388642319397
0.41948202948825136
0.24049082388501358
0.07978553547363941
0.3956312834606814
-0.1881617155493555
-0.09808129552956205
-0.1510061946020373
-0.44345270255308356
-0.5413261671382149
-0.25830448952297663
-0.07449394462159806
-0.07130097884669015
0.12413103570000945
0.46026355717956347
0.23301245333542037
0.02070504538133693
0.4259714310004533
-0.2958340330883824
-0.4784670430624535
0.10673792953830684
-0.29226813392596857
-0.4225845958300632
-0.17463694614270497
-0.11189770178460741
-0.5307848600119451
0.1886490154871257
0.07753592185724227
0.05325401234774743
