IMAGES_BMP[55-60-10]#1#40
9477178a718b59117c2ad0d38434e673
55
0.3891562077195743
-0.051332605158914156
-0.20709388150361205
-0.6135505748391051
0.0015343253532388616
-0.091268849091956
0.36837203608267316
0.5652554778903988
0.15492377747991595
-0.14762925510628835
-0.4384783348433227
0.08288874719517772
0.6178932491682166
0.44901516304389505
-0.8022413618535158
0.476766615719542
0.01878838298161435
-0.22826860446311098
0.42837110279825036
-0.5193852387258393
-0.400414538446933
0.4637299222384665
0.23271111967051286
0.1699589896769881
-0.5780778714528249
0.34475507203654765
-0.6366134530028228
0.029952122233667788
0.0886050069693278
0.31670760881517246
-0.5274115773859654
0.7633700155645227
0.1690099219349771
-0.3504280344360792
-0.012204352695514084
0.12845514072780423
0.7487110354560587
-0.02912716783728568
0.022720202153980535
0.04849177400186487
-0.09991914330837992
0.5920612473285004
-0.041081547155108165
-0.11475720722203332
0.45056376145500293
1.0536348716237343
0.31898131085457043
0.5087658002980248
-0.750068397431538
-0.4156803451922954
-0.8546542601932273
-0.17709186371215258
-1.0822651477415306
-0.10100497165213197
-0.45162852208320475
