IMAGES_BMP[55-60-10]#1#57
9adf91f4f8be23a7e5f5ef7bcfd10b21
55
-0.3565429446529513
-0.44820219220009144
0.360578754318512
-0.5229857678678064
0.7317965130366241
-0.3853382902247234
0.5573907118353513
0.5015751242841439
-0.09498327579359235
-0.25687046379572276
-0.5164983459331748
-0.42515751370084226
0.4202136905827144
-0.11986372146413483
-0.39951688719937895
-0.05483320950337984
0.2853592886789622
0.514866398642874
-0.287566111582731
-0.4161549995920029
0.12048282348979186
-0.5019323164911728
-0.2970852207082971
-0.698472510369434
0.32742340662051844
-0.09742897511547145
-0.25238698696946993
0.2963406939818239
1.076579475007185
-0.26968290656777105
-0.33671371344665507
-0.3307624242574264
-0.20517353844836617
-0.3359162802096797
0.39019643587043606
0.04951669267353029
-0.5108777934351468
0.14652517732106857
0.43061962914068935
-0.041362282995727466
0.318258205016509
0.2498468127508707
0.4794543969205316
-0.8362677670868917
0.6578036798669762
0.05006444871223307
0.5718937081482581
-0.6190805881006626
0.1814752586173937
-0.49172101792006184
0.1522149714767266
-0.5381715160614071
-0.1846751068458394
0.30845753663255354
-0.30099295707750073
