IMAGES_BMP[55-60-10]#1#27
9b7a668f984b77aca051a9e0846c09e6
55
0.3749659409338639
0.39986580824457363
0.12192374614208619
0.48752232308793436
-0.14799000457936415
0.5255216904940719
-0.4298051402634697
0.3258110801887956
0.09455847310060995
-0.1511629204208805
0.25980085549867993
0.25390026154014
0.15078276987352485
0.019985927095915432
-0.123064480636769
-0.0473073746834997
-0.25166251460065403
0.5027882153431028
0.0866011168504729
0.1335072508483403
0.06702473676888046
-0.1430912240366008
0.5205543332782877
0.5188119979310961
-0.12933854789703134
0.2774420804815865
0.06087478635283709
-0.23576702616778797
0.11646260066307075
0.5773704605477524
0.26900046152094015
0.2613127594350038
0.2691486693898001
-0.11271353634727134
0.5229571882430547
-0.09472604514637897
-0.39745003888759745
-0.1494165762477426
0.5953909829587923
0.07646937517991334
0.22146029893005972
0.5520350388087778
0.20187437140613468
0.5213046902758969
0.4041753426158028
-0.3859782985800042
-0.277757556866296
-0.3458154151737938
0.26634969560596794
0.28550746816502287
-0.25401461411247594
0.27345721830235414
0.18320116563287336
0.27027056558923396
0.49195718299278124
