IMAGES_BMP[55-60-10]#1#28
9c2ac600b86ba07556373bceb1836886
55
-0.005500796985014375
-0.48954053563757866
0.48438491429145414
0.6284168466051324
-0.30441400260680823
0.39338052323411676
0.4244663039176734
-0.1783528313277668
0.1456111329110173
-0.03715930808307436
-0.33401208932639687
-0.03507289344772896
-0.11032647575696412
0.2416135677311524
-0.2851857075237127
0.4931087181012001
0.4370479710711312
-0.2647421607732045
0.13319861157246177
0.38792854265333204
0.11871395771154705
-0.1931934381145673
-0.01382470917899161
-0.12346254158587329
-0.14695418806972926
0.6169478589233606
0.25687176538628087
-0.46029205048233995
-0.09868689080895475
0.14920239789930692
0.4959185068097349
0.2360935974977175
0.3460124976726348
0.011870467710406792
0.24183628302731022
-0.2646407003975768
0.3469553854048154
0.10587504267967164
0.03309126555502558
-0.3551798186572031
-0.13489548844102853
0.429671842991296
0.14901921390248005
0.18049566563686606
-0.12953992156374433
0.3365313422132368
0.11375084133267016
-0.3530885754792706
0.10868549963552192
0.25183081597964824
0.5116885563379141
0.32286113104221253
-0.21332842361069626
0.6365417919168946
-0.0627558500440207
