IMAGES_BMP[55-60-10]#1#32
9de72fdcfd6527c86b4f38e1f4765766
55
0.23601012866010065
0.45589071948844895
0.5584873509541511
0.31517851352218007
0.16527184507802592
0.25039438285696297
-0.3730835688666877
0.16453151154728451
-0.4179043705414596
-0.3353343303714336
-0.09696264602636
0.47272808538809036
0.004569524006633086
-0.23641188289983578
0.35702445830365165
0.3422251837724012
0.2179265748735333
0.03659292269761898
-0.014306465486458503
-0.061395322237256154
0.16164161485435657
0.6337833817227101
0.17516846683638146
0.6944674957234269
-0.2053214009270532
0.569705620090234
-0.24781143886711934
0.09406333858811211
-0.12529968913322384
0.5698012763903866
0.36060772264293933
0.2899082602131519
-0.07268324442388202
-0.1465564752194811
0.5911721690447127
-0.45467071285720456
0.4005992782370793
-0.023002587693208443
-0.13387853910585584
0.4912795395197035
-0.013151289943618898
0.31390942859433885
-0.1831990175655948
-0.23418407582055653
0.46247863872821315
0.43138636488419635
0.19746067423886118
0.09223835174589738
0.4081009788556926
-0.44419263108645707
0.012884252944883818
-0.3380508849027292
0.37854662801027694
0.6244133441026559
0.44088644027863916
