IMAGES_BMP[55-60-10]#1#38
a1c4a14263ba4dbbe940a09d0b5cf448
55
-0.3224528007839538
-0.011122081963872162
0.21756375729074434
0.47198880390109427
-0.5411757561766575
0.2038754849914238
-0.7256413112836861
-0.6163925142264265
-0.38722031252771116
-0.5361424936534642
-0.655903140791079
0.4256935545828722
-0.29634154964669
-0.5210917675358152
0.23887825546983296
-0.586946054128363
0.017934134564947413
0.2123051725688854
-0.46617835179887285
0.39240866134405106
0.6044010431785662
-0.33300468458207716
0.365777497519641
-0.5816305932537917
-0.6375533965518366
-0.028347586236359943
0.755369267403303
0.16427967386126838
0.18729172885102707
-0.4202885924610904
-0.6663461186280456
-0.1497629038528491
-0.5565303580585423
-0.2027971126613146
0.28986109335386584
-0.316644570216408
-0.7059827137596961
0.08146754795424181
0.26639509916480325
-0.0488584639084633
-0.6149867757660031
0.44179920707487447
-0.3908059983675952
-0.1434133687086952
0.8786940472711924
0.3357602804516201
0.06063275100506212
0.46837619909842965
0.16517858765324417
-0.40295503758997475
0.2727736488274207
-0.40896718671022825
0.07892659762654605
-0.12949785295753163
0.07915696317764494
