IMAGES_BMP[55-60-10]#1#20
a49028118d21ef9c4d1ccde7e7f2e4e9
55
-0.7137778095100064
0.36371984809133134
0.02672455468651942
0.0635080053246948
0.2260052625017372
0.09512554188570438
0.5272438428756473
-0.005238223169287359
-0.4274423980298706
0.3611180868952243
-0.05561370499862676
-0.6800334227411685
0.25655008231012555
-0.11530090802874235
0.5019996128261807
1.1444945180978692
-0.370717226103819
-0.5810737184396871
-0.24464279070872164
-0.41537575385117664
0.1199800262391435
-0.30465052686117844
-0.14087369935365232
-0.31751538207496877
0.45132707060053934
0.15036893342264648
-0.33984532118577676
-0.37623040181279754
-0.39886479092311045
0.14665950541415004
-0.18293711946410413
-0.24191425707625144
0.12632050694850563
-0.41110498955982244
-0.10856185452659042
0.29450317822804145
-0.3169832320870234
0.3585766988165057
-0.14468576019970006
0.24691223099898812
0.5418410324801439
0.5420830133402912
-0.4252508881320969
-0.0004344108100614534
0.5050662593742563
0.2107935341199747
0.5327022427128658
-0.018273002766976115
-1.2191986609982008
-0.4672144506195028
0.4609508101661804
0.6669800860493094
0.656403169833964
-0.2198414548805452
0.08779693098061574
