IMAGES_BMP[55-60-10]#1#23
afe19cd6de4541638121fc3975a0a62b
55
0.2806504732180451
0.08200645665920209
0.3779199604778738
0.25048217876959283
0.40081069541807346
-0.23880316579488925
-0.12042347200289708
0.3775943737050757
-0.526984447383944
-0.5152079375379865
0.40019851530035444
-0.42235004179884683
-0.31333051301841486
-0.15256431355152683
0.4174979740551518
-0.43081448624812835
0.21777543341085862
0.5552400983019297
-0.31369390308643613
0.3361794245149722
0.4790367830026602
-0.4169601875797268
0.0342484415083124
-0.43939041273407214
0.32245277784222975
-0.06896919939423658
-0.14465084201630116
0.37213036370392594
0.0388838610017785
-0.30205213577005086
0.09234086793310753
-0.4675172841858375
-0.47998470088366585
0.20968413068844538
-0.6534450078195828
-0.51616008914182
-0.14351829182693268
-0.507637947547783
-0.1026394393484549
0.24084601123634708
-0.6368466726339321
-0.08213915565009318
0.5337199636890423
-0.22497090874705394
0.14749028162510078
-0.5041989421887265
-0.26669463464471765
0.0759828420978772
0.20292672615823942
-0.10861953017602644
-0.08365551543599475
-0.6452024939095283
0.23380813247668528
-0.16634939108708943
-0.3703086141444521
