IMAGES_BMP[55-60-10]#1#55
b0d8a13c235c4a021c8b7c70d319af8b
55
0.013925548528405147
-0.16094942953474559
-0.498815823227601
0.12383206972689684
-0.24045556460284628
0.16916494571741555
0.15971936113991864
0.12481276323870152
-0.46321739495902403
-0.15266835328590941
-0.391305580217395
0.3809268743421403
0.0887356886669952
-0.18116240819849566
0.33775921764161865
0.4604329828897122
0.10420518580761602
0.28310290438145297
-0.08839488128534526
-0.6184916539893504
-0.11646769372365788
-0.40030847702014793
0.21506812195990116
0.08144164876024267
-0.18260422213710997
-0.3903087266562134
-0.6206031369709816
0.06533441090205104
0.09140460168560463
0.16431096065790954
-0.3836405349063703
-0.07144219588959905
-0.4223814207823336
0.5008144636442836
-0.41474363133621883
0.162334378358824
0.2736261471698082
-0.26704834740476446
-0.39125251715444515
-0.24796811303568198
-0.3127181353937683
-0.14408284089964155
-0.0730467477529099
-0.45672070829941736
0.16370177859167953
-0.2495699300219545
0.1422310730496292
-0.4943240115805089
-0.6175585823830143
-0.026946823170125825
0.20628161321103664
0.373615124289268
-0.2770681821312139
0.1367914901989961
0.137486484946392
