IMAGES_BMP[55-60-10]#1#21
b1aaa7daef12ae0e377287fb572f739e
55
-0.6528182051757245
-0.2016126274438453
0.024933927932983716
-0.4754566014469008
0.3920076539215843
-0.3845539637833246
-0.06920473352292754
0.005003470197838053
-0.17433539796465916
-0.03778391411964683
0.3068617326865088
0.06966651975380898
0.40756585620636987
0.42448645910906385
-0.18599205235883265
0.13356399599864405
-0.421357572860139
0.17899814441335524
-0.3189019797031109
-0.23826369159592126
-0.0294660905886904
-0.32386517911338075
0.33144815884680884
-0.09486348463036148
-0.0800966349211777
-0.04463058313975392
-0.4649621056561729
-0.03155960721404965
0.16151291006243654
-0.4261570246240481
-0.19583311220394806
-0.3168849782695467
0.007449897376126059
-0.1369572584110002
0.2849887954729858
-0.07982595047795897
0.14375231599527827
-0.13569835805242755
0.11799391591771126
-0.07740590877150541
-0.1577167633221836
0.1423399917209868
-0.33742956420167275
0.20603518608197727
-0.6157581096738185
-0.6062080651431648
0.4320713057783645
-0.467458286703718
-0.3149977421898016
-0.27687735517851886
-0.07667051750470902
-0.18462559636108622
0.31254418811871554
-0.6895697466023913
0.20871555774536782
