IMAGES_BMP[55-60-10]#1#42
b501b54b16d2fdd051cb949cedd491eb
55
-0.5735653012329418
-0.0913275187768588
0.540425612084954
-0.5453413768310914
-0.220136418906633
-0.4577888460979789
-0.2650192449692461
-0.10573320173354822
0.290659075874607
-0.2772561389994919
0.4882770104911066
-0.28029041684603423
0.36817464434301866
0.36963271845881296
-0.21163285062891235
-0.621963744170133
-0.4927580923160821
0.623350300643462
0.043827977207863515
-0.36921941222357857
-0.5197954906104987
0.37007714126862534
-0.04203944910675335
-0.3707533612915407
0.04742697780938529
0.8459474404248369
0.26959426696612904
-0.5436170741675103
0.6743197794240153
0.04489797918409768
-0.1568582584487848
0.4112989879061174
-0.375501283126792
-0.37844919420581496
-0.0722539151146505
-0.26490383095441977
-0.12815167642311895
0.11952181379883825
0.3805539691438795
0.6520280475765369
-0.20155942631990748
0.23855390400506682
-0.8119372299385982
-0.32376789383561966
-0.6313582895255421
0.027373769426806048
0.4695192447129861
0.01761304546420029
0.5693913684504558
0.20161552377557182
-0.17141631485761596
0.15822390303007566
0.4472436274432521
-0.3805548680006111
0.17316222566390393
