IMAGES_BMP[55-60-10]#1#59
b757af4a847eb6616e497c5b20f70767
55
-0.3671221495312299
0.4627334479927728
0.1444018784661294
0.09879345015992569
0.44177713277960945
-0.4005627040075727
0.1772528745096127
-0.007086185904970376
-0.3684194162920265
0.3005402036304158
0.4997198032433319
-0.2609328906477501
-0.07044135010190339
-0.02933416682356058
0.5199358141314453
-0.31978140931485133
-0.05293028446919553
-0.5014497686549506
0.2219820524646675
-0.15599992109029623
-0.008414495083055093
-0.20074451888639497
-0.3649570117378133
0.3875633450023238
0.6009700822439455
0.02822416170211914
0.3515062690313337
0.5035680383801993
-0.4920601776626784
0.5101949198600886
-0.35941488419494233
-0.3967560854876024
-0.3027595147627643
-0.1796815604496915
-0.3750253575951086
0.069861202705977
0.39697142462261503
0.07351302366962591
0.3675747593512397
0.15550704174060354
0.14378237794776047
-0.5014326445595433
-0.2065943375161008
-0.2583720849253819
0.5491474360184246
-0.2276483562968961
-0.07207550729150392
-0.1870639634243036
-0.15942121595226838
-0.024598799281582342
0.6780815718414768
-0.15506562844196672
0.8908300647406534
0.22889769531873178
0.287481975775118
