IMAGES_BMP[55-60-10]#2#2
b78036dc587b6a0f4d4c02704c0fb470
60
0.4925704891327997
-0.38198845001751386
0.2159262802433845
-0.608709394729754
0.29442415550557266
0.8138910541493458
-0.6073056395130962
0.03985631323626337
-1.3763246305881554
-0.46342326331050226
-0.10560975683391288
0.10500132868053606
0.6970677567258153
0.18927087031707718
-0.490741273859101
-0.07224799335484863
0.5280758077660717
-0.42785122185714825
0.31359127248304813
-0.14255550034925102
-0.6425221937700705
0.07634680516046204
-0.04074119060401821
0.40672694594254405
-0.5557372936085854
0.5767689714599953
0.47268514675759843
-0.4921355307875514
-0.45484569203824854
0.1292639170359184
0.20803263224905705
-0.17250026469002874
-0.6002944507658305
0.7759213621381781
0.27167668895243297
-0.45200872130729425
-0.42247321804330823
-0.4251238352499327
-0.5444091598047012
0.15369446679618143
-1.0200431065150317
0.18820380035848883
-1.2335028087671618
0.10394525642395679
0.5203207557404305
-0.9027020462809368
-0.6172554533884471
0.6542477191272922
0.30305515732114496
0.3012358573843249
0.31031990430194406
-0.3435541500651845
0.6110437178709104
0.3366243866537117
0.42532307960301935
0.4313300093610255
-0.1150783712672581
-0.4642335404297771
1.5105280549553155
0.9829746184588909
