IMAGES_BMP[55-60-10]#1#31
b9b4c64b52c2fcaf16d961a4289960f7
55
0.3008662657291823
0.12762589450699058
-0.626005563482312
0.30829944452625224
0.4142470666000186
-0.48961457736600483
-0.4977652967291082
-0.004839288274004473
0.17003169484266173
0.13014485102302017
-0.6280641396490336
-0.4469252076213467
-0.45844467571287134
-0.4357614723670861
-0.2944399579798496
0.41841338303243836
-0.04174865906721522
-0.2467913653201096
-0.18517325818285396
0.1350489982372294
-0.16993504988108524
0.0880262516297645
0.31446059331963744
-0.5189618844216086
-0.5336112185514383
-0.30612576923420465
-0.4771850322817525
-0.41985584189454056
-0.33840759939346887
-0.3082549535313478
0.06973809401940835
0.15763171179083127
-0.3712335390568701
0.15250763411089366
0.21679184909475982
0.3634550066587333
-0.4441396012534509
0.1060550103751788
-0.5366185935967369
0.08320126819949283
0.36596350751793855
0.3166383941589455
0.18580264015741818
0.11585500759004275
-0.29348253406507646
-0.1413986963549807
-0.5878502397195103
0.45236199594307325
-0.14636889153846977
0.37953459446430143
-0.1740879449977386
-0.3683835551753256
0.35596438689797105
-0.24731774990904978
-0.3721037198382047
