IMAGES_BMP[55-60-10]#1#9
ba126abf458afef87a88aa8dc440551e
55
0.030353225609984106
0.1252876693283882
0.11131509253069138
0.5449529139903243
-0.08173835372729771
0.2669002445917502
-0.3691890869859654
0.4764625574873718
0.10012847914828696
0.3207475659330153
0.5190761361910063
0.1572423413326654
0.026574063930382776
0.3082307911085569
0.33317299195441075
0.4297581478119916
0.03465283155928537
0.39767801010426257
0.14006382336677148
0.3789472198466851
0.06399294926234993
0.1609514524446108
0.3877771151130636
0.4753778591295485
-0.392027920954365
0.09487829217214709
0.28297585488962335
-0.2633212126414099
0.3439749377778906
-0.024450113741337695
0.04870276399136394
-0.10637721492748428
0.610681747347339
-0.4801849556549275
0.44692841637118985
-0.4025485736344093
-0.17572503888651822
0.413811327192845
0.22056388803928664
-0.1954666481693397
0.15082091730769137
-0.4076189813343156
0.47139298089850834
-0.37374689070724953
0.4658460418890609
0.5100102347125749
0.2801468275208972
0.06376426348382776
-0.02045290665571067
0.3537697800005227
-0.01992532617907831
0.2136109364079537
0.1321473502169613
0.17756141396690958
0.3921147329263135
