IMAGES_BMP[55-60-10]#2#0
bdff7f04f243e3e9100c6b9c3924557b
60
-0.20146037284473695
0.4286352734146677
-0.31091923482966477
-0.4867020762307975
-0.6991982168477481
0.9544779812718606
-0.16268115958633525
0.10712300149175817
-0.30716580333069193
-0.20606886402741537
0.3024741023801922
0.2711023960912589
-0.10401872845886673
0.1787532607195718
-0.3771056922915996
-0.6428753672566976
-0.26736763759834403
0.24843723670267054
0.5383260738426534
1.2341564766199855
-0.36992000260119257
-0.018101453549940243
0.6626137612879094
0.5397116950114066
0.33676773332419996
0.400184030183488
0.3147089637517996
0.24602116304025706
-0.022425982212021404
-0.08255986341613018
-0.49112971617791007
0.050272951789398695
-0.34233497011861397
-0.21676975776722288
-0.6031194797728763
0.5466198046641514
-0.2039003961577507
0.21375017597552612
1.4722152297294249
-0.14122439176228788
-1.2745466780539185
-0.006756353923562962
0.38431333409448104
-1.1344774691751527
-0.33260093190100415
-0.29846464657812705
0.2092965948496695
-1.4962309107027434
-0.47016774552297197
0.00910565387559304
-0.20184360645104665
-0.5440288271137527
1.004840414844579
0.27350157382026474
0.26389990213022324
-0.3968624775155584
-0.2785904849347988
0.22870032738510035
-0.6322841891003054
0.524758234851483
