IMAGES_BMP[55-60-10]#1#35
bef1350a1d9b2bd1ba15a519fa002925
55
-0.20654063151753016
0.28937480273700666
0.22653388527680032
-0.213211718411435
0.3002975208609242
-0.2862006723561693
-0.5424740410007309
-0.33310403337971944
-0.09042609105880711
0.6776882913375912
0.07392607750446514
0.14635794802058238
0.616032785845205
-0.08475578032806218
-0.03682188353684519
0.26625013928839225
-0.3645536015076734
0.2156565374506499
-0.4845359450486184
-0.11633723636463185
0.17105845888893148
-0.12424465318356856
0.7663209888347969
0.21627345889964517
-0.19511347606892754
0.7296466681898534
-0.20135042549755822
-0.5117792240102147
-0.4161598337559723
0.45902162277115294
-0.1904832550174077
-0.0931195315822945
-0.05004685318438166
-0.3072807096092161
0.4718927337164654
-0.4107731730437911
-0.059694498234545874
-0.37526356338904393
-0.38905637435779183
-0.19252133365695634
-0.778756082690492
0.15240193436216182
-0.5839948894164358
-0.3384176183318564
0.45791340020708426
-0.007137407387386545
-0.02112033149920466
-0.6412031693787676
0.15944172295598008
0.3868966928067281
0.43281739592480756
-0.318455885450552
-0.23440202123418702
0.2709132040118457
0.26330107429741473
