IMAGES_BMP[55-60-10]#1#11
c574e85a508c36b639b43e6223bb28aa
55
-0.13824553243264875
0.050737680810838515
-0.049616731789920765
0.25906439734027914
0.21104271515719397
0.13666499995067893
-0.31224743248379283
0.3442389169437127
0.02406392556501417
-0.4602312885930106
-0.17783927281998174
-0.4334707003054564
-0.5731612953193923
-0.1699464136374896
-0.4352272089090258
0.02558080108511211
0.3428042725578748
-0.5143627979650348
-0.36721717965925915
0.21102723304705398
0.2019894119840613
0.19025680747461454
-0.02734362859664198
-0.3311174820457723
-0.47159991379921723
-0.45988626276984923
0.24316043485288488
0.1585944613609721
0.2866494468556772
-0.18704640917527637
0.43037222335969094
-0.03385554452004665
-0.359663703010615
-0.16329812928055643
0.09683727618496431
0.113085758184331
-0.3342065850573426
-0.5156897951430663
-0.6278086686917369
-0.39213145974086616
-0.4691380470318316
-0.33222149341417073
-0.21711634833578983
-0.0699291141442849
-0.32071259130695906
-0.36273558237436304
0.13479312632996907
-0.2953110610598943
-0.32026207461178263
-0.13330642348158642
-0.5214009142297988
0.2552085957641317
-0.4950863445576859
0.3014199931399966
0.09713943931976268
