IMAGES_BMP[55-60-10]#1#12
d0211ea8d884a239eac46d1aef61c406
55
0.3901344336616686
0.3190702385119416
0.6013940927379339
-0.5917904793875504
0.06269221882012918
0.37242235728218503
-0.1523306651963395
0.18175124574536913
0.22173537955284667
0.5590940354532341
-0.4469444765067316
-0.011797066331559808
0.3370969620569743
-0.10775505592881622
0.27625481638988764
-0.10934804293912585
0.4736875634406046
0.14289775570371097
-0.006773073566233054
-0.06557802537387561
-0.9937129019435588
0.1388325801597766
0.2466299847075391
-0.06524308852752442
0.021750549113960783
0.950603148385799
0.09576850637596646
0.2936632805729351
-0.11126344909529837
0.22699511590687205
-0.7973891234654585
-0.5178218382701191
0.5636216672699377
-0.2577899921820029
-0.19171268549323203
-0.571388697492778
0.023459121374601363
0.0038978530444443386
-0.30971385203908136
-0.6217983296553896
-0.016522860318305976
0.19821375602222224
0.1448935793103203
-0.27243861932436825
0.5244744049674167
0.341941011266527
0.17161545448972668
-0.6213592899347715
0.7527314099043496
0.31924182537418005
-0.7953922709153783
-0.37970016561749853
-1.0586551132434376
-0.5469252642744749
-0.12451845508185262
