IMAGES_BMP[55-60-10]#1#44
e17667733775183952d2796111053053
55
-0.5571178653629387
-0.29705268019975867
0.1111232606361757
-0.45534326031419764
-0.17027287731990984
0.22828355411699014
-0.11998407771537485
0.06902038635490443
0.09019343516533768
0.3744679588870893
-0.16021017285578126
-0.4075158262297925
-0.557804845599764
0.38629869252146254
0.4443783826094885
-0.4504097725773453
-0.3530689289322332
0.268013670291496
-0.2984132413355619
0.2874475612826819
-0.4074862895298891
-0.3224769647917111
-0.12955332443416404
0.15726552983739572
-0.43191090785652253
-0.5257776200001845
0.18197276015802413
-0.30435049294863054
-0.27591862579763743
-0.5564061380126922
-0.3091425652006213
-0.3242850081788648
-0.46544230919784807
-0.2549978956677854
-0.21272311557804688
-0.31637822295445767
-0.27347250468369755
-0.3413186508348784
-0.09065351477926478
-0.17097735842627107
0.25517666860993854
0.03156028025783837
-0.4761623823711157
0.29916376135024425
0.30468722139267984
-0.5829783844676037
-0.2235411674355142
-0.24146300270038326
0.00317457451720746
0.44523733604718513
-0.349131458207777
-0.36428619642169846
-0.10962333414733323
0.19955556084427192
0.32837719080117744
