IMAGES_BMP[55-60-10]#1#58
e2f222a4be6ed4ab84216d7d959e6f82
55
0.01400692289438012
0.3283846485481197
0.5618512103289548
0.14303646740749362
-0.42052099711120966
-0.41898815136238776
-0.09836297717806121
-0.5828488670678938
0.4636083280357519
0.4534615069029762
-0.14519961022900074
-0.08650937962278762
-0.09632889382790265
0.008076746779728633
0.07884827567026582
0.015144227498910414
0.437936578269559
0.15531512882512824
0.21560802973822335
0.41820214714564025
-0.20657480762098235
0.1962843769934266
-0.546687926386858
-0.09777274864150377
-0.039896018798794085
-0.5487683373259663
-0.6373772426379211
0.53862949794165
-0.5852392561371971
0.17933397890871944
-0.1654620504307555
-0.21845630907632038
-0.29600270172213594
0.1737218751977011
-0.43172538440246094
0.5251619958968115
0.2733977687799043
0.04689939906813994
0.277531886424956
-0.014673653986441784
0.37438367944930734
-0.9126406009919741
-0.018958357284248873
-0.3971108687022634
-0.047587595391388605
-0.23166493673589802
-0.2577268003634606
-0.4841181358096594
0.3028997392105899
0.0865713212313634
-0.6762474594844314
0.3364053387550974
0.09659209185424593
-0.0016568005929077662
0.5623087194560862
