IMAGES_BMP[55-60-10]#1#22
e44f85477ec5ae8a0d8ee2358f538fec
55
0.49851447694901496
0.187226719218337
0.051660772193731705
-0.06850539166622485
0.34860063159846194
0.23367599903066932
0.42902208064242847
0.6513594067789502
-0.7399434000612745
-0.31108091541901733
0.4894313591976606
0.3104763785946152
-0.10223891706158679
-0.30992656216346465
-0.014303063892836958
-0.6539841959487759
0.41236538070206624
0.34709036059213577
0.3121182967625828
0.4062763210258388
-0.5094481333464853
0.31919492836653723
0.34147597648589434
-0.3746630505785494
-0.5682484847025193
0.4827286535821673
0.2984986897123069
0.10578832573117121
-0.2613936388534737
-0.04646952032637122
-0.6687673613095753
-0.5833086951781129
-0.09934819184335225
0.4066682417049515
-0.21415814686463894
-0.1227594232944076
0.38403873213524076
-0.11204500032207565
0.3793165123797449
0.17125461292119812
-0.13061688173105354
-0.2324957176766298
-0.014621088902985111
0.0643863706367109
0.4618734939327567
-0.09984709498218455
-0.2130765193802232
-0.003013796964479258
-0.6743028231534749
0.18635037489100112
0.6119234104504114
0.15256645672610963
0.1408559478787677
0.1448717241060349
-0.15615192276667136
