IMAGES_BMP[55-60-10]#1#39
e98bad68bfbf51c5b694d78bc596999a
55
0.19554325136162348
0.3898284994023581
0.33015381343783984
0.2783300542775178
0.20191702322521507
0.29974734689052107
-0.22055766476405964
-0.13728961707239595
0.1361977620026884
-0.40009942452533176
-0.008583390788697886
-0.03479262349294526
0.13376243820243336
0.2377118174673435
0.395157829372673
-0.04625161238127284
0.1601006516388078
-0.31659516117583547
0.24583332731417262
0.5372417982164148
-0.14302262096022533
0.06518625147036318
-0.15316899267893214
-0.06047266440227092
0.4924119664234986
0.3212579856278815
-0.33508939002340726
-0.036825113915648786
0.3786102173036329
0.263703184731661
0.292436060352515
-0.36072463630982876
0.4405556391994441
0.40263073396121857
0.5925340386651567
0.4709459722327487
0.2808836945209782
-0.04394807060711242
0.3890613579914596
-0.13327177392020126
0.25462437256840353
-0.21101606907092296
0.46952904129048306
-0.21541431332601294
-0.3917632340473108
0.1741898155464574
-0.1360723211443592
-0.12777497853125247
0.14458956216536203
-0.13858901071713503
0.30474100281938643
-0.058889055708709566
0.5124983680891401
0.18112198461794923
0.19689016193403627
