IMAGES_BMP[55-60-10]#1#4
ebaa43628f7b0ce1effcac4b4aa42b03
55
0.5819742619626804
0.06302258174093524
0.4579147271779594
0.03675282728175068
-0.12625759105204887
-0.1285601405406551
-0.05517333562847903
0.24014359622372955
0.47823089826338944
-0.025858837879545776
-0.4080409630917525
0.1346919298621883
0.07034878370363709
-0.03466341813762324
-0.8329562950988638
-0.15358654991856735
0.14689900063987452
-0.38215386961553854
-0.13042076390985075
-0.001452113470135806
0.032485290438088454
0.15360632391967619
-0.6582201510571208
-0.43214928628991034
-0.08662171308155947
-0.5705860736086186
0.16010080909637972
0.17384794304523302
0.10127829177814401
-0.20136874777874714
0.5572807966693015
-0.08048423677732978
0.501504434269811
-0.030550572341284443
0.4149157097168271
0.36036602041580357
0.4498270858943577
0.29660680734163003
0.09581629866847383
-0.058332821584839316
0.05688547532642954
0.03995340709007147
0.770116822100163
-0.3097429325742267
0.5161371704161977
0.5140158920818734
-0.4541725798509339
0.3455210510070741
-0.39077917965337056
-0.05164399461911035
-0.7938416883977563
0.30269738835594223
-0.7477743591752305
-0.2520640420399275
0.3360350023752229
