IMAGES_BMP[55-60-10]#2#4
f1103aae35f4893cddc1502091161fd3
60
1.009033404036991
0.2406188555678346
0.07654577041174294
0.18290915415395706
-0.03244956736123945
-0.39540266494028126
-0.5084595298283778
0.34874806852262386
0.15648441694519513
-0.44792837837985994
0.10243071052246822
-0.10089309709089754
-0.6973586587354049
-1.7836478118936012
-0.17874378594799697
-0.5786188412302232
0.360987877624115
-0.03590324908129114
-0.0761656951092117
-0.4423322310833235
1.430867217759478
0.25627963403707277
0.5195615687905234
-0.7003590929484692
-1.325050162759049
-0.4389716588473388
0.1387145283267345
-0.38834964149545387
-0.38180266508435645
-0.7842298516237997
-0.03019644602608076
-0.11368305706221513
-0.1668741732317585
-0.1686382865159447
-0.04097440750554604
-0.12005976767935034
-0.7929581164238982
-0.40171233282767355
0.04399359048657049
0.17328504209266188
0.4686379410922133
-0.17946610671354363
1.040370322965541
0.5176001058150163
-0.22994223090679233
-0.3576924149474277
0.025472917723450443
0.27176150859649784
0.20368489056557645
0.1394522149216815
0.07196161278863335
-0.2514625726486193
-0.6157405647422886
0.16517757177030404
-0.8402861794279002
-0.2213019747674046
0.48935639174926626
-0.6494824717398882
0.5650052918914117
0.25411260963153115
