IMAGES_BMP[55-60-10]#1#25
f14ff9715d17038cefc5295fb61a89b2
55
-0.0017926366545751367
0.09350339400130067
-0.022310987158221777
-0.1742204362125635
-0.07967043916005773
0.4013675598143109
-0.16825811704752897
0.22593730020740244
-0.21069747491344773
0.8317044558262996
0.25961133700459393
-0.2544109903761354
0.22971988834085078
-0.35464807216961064
-0.3173453703424779
0.6769624043879569
0.4452869694161463
-0.12336176589959756
-0.10166297396040508
0.22900335248025022
0.2047543185382409
0.24765074608080825
0.18067806006659354
-0.08102476804906235
-0.09660729971259258
0.00022827628351615144
0.24740376946746864
0.28819789016259695
-0.4296082907748005
0.41655307624778815
-0.3473724325442784
-0.6781576959922918
0.16835514176591554
-0.04604892141120355
0.22117700442691968
-0.15819043727908239
-0.007787542354485463
-0.39170415816440635
0.07575674724065017
-0.25427547432448877
-0.07294726443568914
0.5803668930571642
0.4043809175980947
0.18916946130025447
0.7868737594395724
-0.03150198631107763
-0.431479116573841
-0.10410559007706016
-0.0276793659309847
0.17307491903508734
0.3505050263088627
-0.20848687610606856
0.011850193281180423
0.19525095277482046
-0.7666565248235454
