IMAGES_BMP[55-60-10]#1#34
f17da1c2d947a9225ab0c03c798c3774
55
-0.06130421101696935
-0.20480394577131394
-0.08819343623043373
-0.21688694110584344
-0.005862423481471852
0.3948637442240838
0.23134090208730593
0.04111551258059553
-0.1906467544056542
-0.8878711503326521
-0.1791380249536732
0.22474462411306867
-0.3116440989394657
0.028243485141928405
-0.4621430292921515
-0.14028943132977398
0.15071341933446983
0.686414733187862
-0.2134201007707692
0.7369818241654575
-0.11761826903369879
0.24109869262609016
-0.7475034715756371
0.18556225520262676
-0.19475218328944852
-0.4016693130809319
0.3069103775387138
0.6216624765093101
0.16293895810405037
-0.1444343337099208
0.4510404445118878
-0.7703923324074697
0.6177306532266421
0.3292353537070991
0.10769067309996132
0.1705149558053712
0.5695079633589346
-0.13017395202433762
0.08785549454130964
0.5651939281685981
0.3148324825862768
0.29944609087269086
0.8867538398825746
-0.3427586725534283
-0.6767863511209633
0.35051045823008337
-0.25221400377888104
0.5775578538867968
-0.3595952531756601
-0.29850555511991034
0.3335918425199246
-0.29442192003888384
-0.5253368381298513
-0.47722818133788575
1.0364494990510065
