IMAGES_BMP[55-60-10]#1#33
f62c2515ecd50a2835fa99370e073cd8
55
0.18454865478804522
0.09960791383001871
-0.19832750647143366
-0.06129466829405861
0.4999685630691153
0.31490660559756134
0.547453863549451
0.2237363166701257
-0.44479136600918295
0.818384614855807
-0.056489665483623205
0.44260461705766796
0.14291909834816205
0.1931515449343052
0.03972819401220291
0.7125666505115822
-0.21380304547976034
-0.3996700266631179
-0.37128511466307806
0.34932315667685426
-0.21910040393981217
-0.23751428264086755
0.5042961521246485
-0.13095475116261834
0.1466218950891706
-0.24960695243654563
-0.17813968058913496
0.3738968741877361
-0.6452324241378552
0.258432241283271
-0.5563542946576068
-0.2387589686605319
-0.1647541097221399
0.16851060956043806
0.32852075431033956
0.037651213120931386
0.7055229345237805
0.56969950567634
-0.3197581072277545
0.39306030664623215
-0.47139185420033736
0.31820218844429093
0.36994701770258365
0.622274202361865
1.0588856041281498
-0.22401190771482193
-0.35583056260329665
0.15524953613722925
-0.35509491732519577
0.48907794223186424
0.34269011423929163
-0.21701490559249886
-0.4208282795452949
0.4550845328194618
0.16394410480158017
