IMAGES_BMP[55-60-10]#1#3
fa46bda02cc188289d152c5d46ec938c
55
-0.10064084428341397
-0.44498648962742315
0.4194861734641167
0.45242858154665144
0.08738308318419188
-0.007199567008111123
0.49524413977017534
-0.29919146405888375
0.4826611907296861
0.47887141572627573
-0.2621222075020404
0.4611509893103551
0.413345499554459
-0.20937502170732047
-0.2644827413548016
0.5401712024806296
0.3337413131823979
-0.07916434109658237
-0.417232090559449
0.4920473223871143
0.49943189335275645
0.6206386851488576
0.4185131010906725
-0.2869099191623932
0.33108916687095474
-0.27407681572607956
0.09770593542332308
-0.35643913471915556
0.5665573822323233
0.5389440765053058
-0.11447226139006618
-0.006926060516171176
0.13894212245981197
0.28070275006962575
0.4481180059104834
0.3200430682787572
0.012171167719101346
-0.037934634635225076
-0.2656138691323847
0.18808895950682644
0.16152234077101157
-0.2674041816213785
-0.059783651356553995
0.08893783781387554
0.2467082744170531
0.29671010342296056
0.15210380017209835
-0.17139207404423668
-0.21063128510499352
-0.038843617959717316
0.4737907822085746
-0.05010562044320066
-0.004140016723139476
-0.003103335215425244
0.5581587319806428
