IMAGES_BMP[55-60-10]#1#26
fb9a3ca341b4891ce1ed483a0d06e54a
55
-0.5093722598171765
0.3497697639963147
-0.5823067329014551
-0.6528349703490622
-0.49249338304827533
-0.00845773059326836
-0.5057016045363586
0.39379744441027276
-0.3529826865352592
0.24086403311277949
0.006406794910122831
-0.09168337469985421
-0.5215814273851733
0.21849641763278546
0.18113224135244926
-0.624219602543628
0.01668813001390524
0.3223545995986636
-0.12350203507698039
0.14382863806635768
0.338146361390697
-0.37172912846520734
-0.3602216591665897
-0.13071331960161983
-0.6071612936742984
-0.07422334577719536
-0.13908418596804603
-0.17994803545145474
-0.4679654620132243
-0.552751461990207
0.3259709391290612
-0.1472148446110281
-0.2825535103311755
0.3881844616308412
0.2756501153704968
-0.13021092528600944
-0.3766347627297237
0.25634885069860225
-0.4778668723007353
0.20330788674435832
-0.5373773135338712
0.08725900624593515
0.04577452142870267
-0.4213528677834786
-0.04536321644463341
0.009494586180821647
-0.48902357479686176
-0.037114578754520094
-0.22276443747568866
0.06381344066044564
-0.2741997029812024
-0.5380132867562419
0.018048544775829813
-0.10130065777941097
-0.13432291606621247
