IMAGES_BMP[55-60-10]#1#47
fd57883f8d01a3049b7c9e481c1d3786
55
0.2953969196584205
0.4055897850651786
0.25224449298818896
-0.21074351566420724
-0.22565492038295554
-0.13159653476438857
0.7539870491127718
0.25289558383307464
0.3634309568795402
-0.0803149873190567
0.27317475287036364
-0.08039737972021913
-0.17018210993465846
0.4276957105626548
-0.34441394346966075
0.48245879959157967
0.4597769438385564
-0.6364761073303976
0.4748981922637032
0.20675828413039
-0.6078897736131466
0.23610237802946646
0.2703365617712095
0.23685145605689398
0.0468799330736982
-0.5542927568237261
-0.3480560037341393
0.6217745367803581
-0.41796902676340814
0.2578274292732735
0.4426806893732333
0.0788194435715048
0.08192950723449192
-0.00753970294786899
0.22535161645599908
-0.10353914657104024
-0.09593178446772324
-0.1509459616604682
-0.3165089750057249
-0.12629485621723038
0.403983598326056
0.7517578834976277
0.47535327040967773
0.38735883346588007
0.3060572072905523
0.3331006463893153
-0.09161267369430101
0.10585811641126482
-0.10639211137944446
-0.31466583956938393
-0.9600456253918829
0.4437269474817992
-0.6087986101032571
-0.03250648707836718
-0.017795749547428127
